<?xml version="1.0" encoding="UTF-8"?>
<placements name="racemarshals">
  <instance name="Race_Marshal_01" scene="Race_Marshal" script="Race_Marshal" transform="0.722162962, 0, 0.6917229, 0, 0, 1, 0, 0, -0.6917229, 0, 0.722162962, 0, -134.7011, 2.69152522, 406.9386, 1" />
  <instance name="Race_Marshal_02" scene="Race_Marshal" script="Race_Marshal" transform="0.2792191, 0, -0.96022743, 0, 0, 1, 0, 0, 0.96022743, 0, 0.2792191, 0, -390.801331, 2.532532, 208.401047, 1" />
  <instance name="Race_Marshal_03" scene="Race_Marshal" script="Race_Marshal" transform="0.9401759, 0, 0.3406894, 0, 0, 1, 0, 0, -0.3406894, 0, 0.9401759, 0, -353.559357, 2.93591785, 75.93686, 1" />
  <instance name="Race_Marshal_04" scene="Race_Marshal" script="Race_Marshal" transform="-0.6135187, 0, -0.7896802, 0, 0, 1, 0, 0, 0.7896802, 0, -0.6135187, 0, -549.032043, 3.108698, -99.57158, 1" />
  <instance name="Race_Marshal_05" scene="Race_Marshal" script="Race_Marshal" transform="0.539041, 0, -0.842279553, 0, 0, 1, 0, 0, 0.842279553, 0, 0.539041, 0, -751.335, 3.36055183, -397.407776, 1" />
  <instance name="Race_Marshal_06" scene="Race_Marshal" script="Race_Marshal" transform="-0.452163368, 0, 0.8919351, 0, 0, 1, 0, 0, -0.8919351, 0, -0.452163368, 0, -570.772461, 3.15521121, -441.7302, 1" />
  <instance name="Race_Marshal_07" scene="Race_Marshal" script="Race_Marshal" transform="0.556593359, 0, -0.830785, 0, 0, 1, 0, 0, 0.830785, 0, 0.556593359, 0, -612.737854, 3.82563424, -645.3226, 1" />
  <instance name="Race_Marshal_08" scene="Race_Marshal" script="Race_Marshal" transform="0.9363583, 0, 0.3510459, 0, 0, 1, 0, 0, -0.3510459, 0, 0.9363583, 0, -464.1777, 3.45077825, -781.404846, 1" />
  <instance name="Race_Marshal_09" scene="Race_Marshal" script="Race_Marshal" transform="-0.263023257, 0, 0.9647895, 0, 0, 1, 0, 0, -0.9647895, 0, -0.263023257, 0, -315.1339, 3.01270247, -823.4099, 1" />
  <instance name="Race_Marshal_10" scene="Race_Marshal" script="Race_Marshal" transform="0.865338445, 0, 0.5011879, 0, 0, 1, 0, 0, -0.5011879, 0, 0.865338445, 0, -247.071381, 3.28470254, -890.585144, 1" />
  <instance name="Race_Marshal_11" scene="Race_Marshal" script="Race_Marshal" transform="-0.0354403369, 0, 0.999371767, 0, 0, 1, 0, 0, -0.999371767, 0, -0.0354403369, 0, -116.042419, 3.27465224, -834.278442, 1" />
  <instance name="Race_Marshal_12" scene="Race_Marshal" script="Race_Marshal" transform="-0.0926785544, 0, 0.995696068, 0, 0, 1, 0, 0, -0.995696068, 0, -0.0926785544, 0, -25.8240719, 3.59063482, -811.5708, 1" />
  <instance name="Race_Marshal_13" scene="Race_Marshal" script="Race_Marshal" transform="-0.8984094, 0, 0.4391589, 0, 0, 1, 0, 0, -0.4391589, 0, -0.8984094, 0, 126.258942, 3.95178032, -505.1584, 1" />
  <instance name="Race_Marshal_14" scene="Race_Marshal" script="Race_Marshal" transform="-0.9006707, 0, -0.434502125, 0, 0, 1, 0, 0, 0.434502125, 0, -0.9006707, 0, 21.247, 3.31167221, -261.534454, 1" />
  <instance name="Race_Marshal_15" scene="Race_Marshal" script="Race_Marshal" transform="-0.8938179, 0, -0.4484301, 0, 0, 1, 0, 0, 0.4484301, 0, -0.8938179, 0, 7.155875, 3.49551225, -97.58868, 1" />
  <instance name="Race_Marshal_16" scene="Race_Marshal" script="Race_Marshal" transform="-0.6630991, 0, -0.74853164, 0, 0, 1, 0, 0, 0.74853164, 0, -0.6630991, 0, 66.7140656, 3.71372318, 67.38514, 1" />
  <instance name="Race_Marshal_17" scene="Race_Marshal" script="Race_Marshal" transform="-0.8572593, 0, 0.514884949, 0, 0, 1, 0, 0, -0.514884949, 0, -0.8572593, 0, 269.685944, 3.57314515, 253.428711, 1" />
  <instance name="Race_Marshal_18" scene="Race_Marshal" script="Race_Marshal" transform="0.2586673, 0, 0.965966463, 0, 0, 1, 0, 0, -0.965966463, 0, 0.2586673, 0, 418.072662, 3.930439, 209.08522, 1" />
  <instance name="Race_Marshal_19" scene="Race_Marshal" script="Race_Marshal" transform="-0.3962557, 0, 0.9181402, 0, 0, 1, 0, 0, -0.9181402, 0, -0.3962557, 0, 676.0257, 4.50582457, 514.518433, 1" />
  <instance name="Race_Marshal_20" scene="Race_Marshal" script="Race_Marshal" transform="-0.765491545, 0, 0.643445969, 0, 0, 1, 0, 0, -0.643445969, 0, -0.765491545, 0, 749.274963, 3.95549679, 773.4775, 1" />
  <instance name="Race_Marshal_21" scene="Race_Marshal" script="Race_Marshal" transform="-0.8918753, 0, -0.452281147, 0, 0, 1, 0, 0, 0.452281147, 0, -0.8918753, 0, 490.019318, 3.20809913, 892.808, 1" />
  <instance name="Race_Marshal_22" scene="Race_Marshal" script="Race_Marshal" transform="0.9199883, 0, -0.391945839, 0, 0, 1, 0, 0, 0.391945839, 0, 0.9199883, 0, 352.742859, 3.163133, 661.904358, 1" />
  <instance name="Race_Marshal_23" scene="Race_Marshal" script="Race_Marshal" transform="-0.341593832, 0, -0.9398476, 0, 0, 1, 0, 0, 0.9398476, 0, -0.341593832, 0, 220.488312, 2.806713, 778.7772, 1" />
  <instance name="Race_Marshal_24" scene="Race_Marshal" script="Race_Marshal" transform="0.351155043, 0, -0.9363173, 0, 0, 1, 0, 0, 0.9363173, 0, 0.351155043, 0, 149.665359, 2.88346, 730.0063, 1" />
  <instance name="Race_Marshal" scene="Race_Marshal" script="Race_Marshal_Start" transform="0.9288276, 0, -0.370512217, 0, 0, 1, 0, 0, 0.370512217, 0, 0.9288276, 0, -120.9095, 5.496453, 442.577728, 1" />
  <instance name="Race_Marshal_25" scene="Race_Marshal" script="Race_Marshal" transform="-0.3566686, 0, 0.934231, 0, 0, 1, 0, 0, -0.934231, 0, -0.3566686, 0, -163.328568, 3.377286, -817.7611, 1" />
</placements>