<?xml version="1.0" encoding="UTF-8"?>
<placements name="Pitwall">
  <instance name="PitWall0" index="0" transform="0.5373537, -5.820766E-11, -0.8433571, 0, 5.58793545E-09, 1, 3.49245965E-09, 0, 0.843357146, -5.820766E-09, 0.5373538, 0, 280.3916, -76.83887, -168.941147, 1" />
  <instance name="PitWall0" index="0" transform="0.5373537, -9.313226E-10, -0.8433572, 0, 1.86264515E-09, 0.9999997, 2.79396772E-09, 0, 0.8433572, -4.88944352E-09, 0.537353635, 0, 279.7085, -76.83886, -167.8691, 1" />
  <instance name="PitWall0" index="0" transform="0.5373538, -1.86264515E-09, -0.843357146, 0, 5.58793545E-09, 0.9999997, 5.23868948E-09, 0, 0.843357146, -9.313226E-09, 0.537353754, 0, 279.354248, -76.83887, -167.313126, 1" />
  <instance name="PitWall1" index="1" transform="0.537353754, 0, -0.843356967, 0, 3.988152E-09, 1, 2.54109311E-09, 0, 0.843356967, -4.72890171E-09, 0.537353754, 0, 267.880463, -76.85152, -149.167786, 1" />
  <instance name="PitWall1" index="1" transform="0.537353754, 0, -0.843356967, 0, 3.988152E-09, 1, 2.54109311E-09, 0, 0.843356967, -4.72890171E-09, 0.537353754, 0, 268.541321, -76.8515244, -150.216812, 1" />
  <instance name="PitWall1" index="1" transform="0.537353754, 0, -0.843356967, 0, 3.988152E-09, 1, 2.54109311E-09, 0, 0.843356967, -4.72890171E-09, 0.537353754, 0, 269.575, -76.85152, -151.845276, 1" />
  <instance name="PitWall2" index="2" transform="0.5373549, -1.01863407E-10, -0.8433562, 0, 4.656613E-10, 1, 3.49245965E-10, 0, 0.8433564, 4.656613E-10, 0.537355, 0, 256.2908, -76.85377, -131.09346, 1" />
  <instance name="PitWall2" index="2" transform="0.537355065, -1.16415322E-09, -0.843356252, 0, -1.39698386E-09, 0.9999998, 3.49245965E-10, 0, 0.8433564, -1.62981451E-09, 0.537355065, 0, 256.959473, -76.8542938, -132.190918, 1" />
  <instance name="PitWall2" index="2" transform="0.537355065, -1.86264515E-09, -0.8433563, 0, -1.86264515E-09, 0.999999762, 6.98491931E-10, 0, 0.8433564, -1.62981451E-09, 0.537355, 0, 257.3118, -76.85401, -132.726486, 1" />
  <instance name="PitWall3" index="3" transform="0.5373548, -2.21189111E-09, -0.8433564, 0, 1.16415322E-09, 0.999999762, 9.313226E-10, 0, 0.8433562, 1.16415322E-09, 0.5373551, 0, 243.5285, -76.85299, -111.134468, 1" />
  <instance name="PitWall3" index="3" transform="0.537354946, -7.450581E-09, -0.843356252, 0, -3.7252903E-09, 0.9999998, 7.450581E-09, 0, 0.8433559, 1.86264515E-09, 0.5373548, 0, 245.241058, -76.8538055, -113.811, 1" />
  <instance name="PitWall3" index="3" transform="0.537354767, -1.11758709E-08, -0.8433562, 0, 7.450581E-09, 0.999999762, 0, 0, 0.8433559, 4.656613E-09, 0.537354767, 0, 244.565063, -76.85147, -112.716766, 1" />
  <instance name="PitWall4" index="4" transform="0.537353635, -9.313226E-10, -0.8433569, 0, 9.313226E-10, 0.999999762, 9.313226E-10, 0, 0.8433568, 0, 0.537353754, 0, 235.288071, -76.8463, -98.3436, 1" />
  <instance name="PitWall4" index="4" transform="0.5373536, -3.7252903E-09, -0.8433569, 0, -1.86264515E-09, 0.9999998, 0, 0, 0.843356848, 1.86264515E-09, 0.5373536, 0, 234.253769, -76.84276, -96.72607, 1" />
  <instance name="PitWall4" index="4" transform="0.537353456, -1.86264515E-09, -0.8433571, 0, 2.32830644E-09, 0.9999997, 7.450581E-09, 0, 0.8433569, 1.86264515E-09, 0.5373535, 0, 233.573029, -76.84398, -95.63546, 1" />
  <instance name="PitWall5" index="5" transform="0.5373537, -5.820766E-11, -0.8433571, 0, 5.58793545E-09, 1, 3.49245965E-09, 0, 0.843357146, -5.820766E-09, 0.5373538, 0, 218.456879, -76.8555756, -71.86287, 1" />
  <instance name="PitWall5" index="5" transform="0.5373537, -9.313226E-10, -0.8433572, 0, 1.86264515E-09, 0.9999997, 2.79396772E-09, 0, 0.8433572, -4.88944352E-09, 0.537353635, 0, 218.120972, -76.85576, -71.3173752, 1" />
  <instance name="PitWall5" index="5" transform="0.5373538, -1.86264515E-09, -0.843357146, 0, 5.58793545E-09, 0.9999997, 5.23868948E-09, 0, 0.843357146, -9.313226E-09, 0.537353754, 0, 219.51886, -76.85473, -73.51754, 1" />
  <instance name="PitWall6" index="6" transform="0.537353754, 0, -0.843356967, 0, 4.504621E-09, 1, 2.87016677E-09, 0, 0.843356967, -5.34129851E-09, 0.537353754, 0, 212.127151, -76.85728, -62.0776558, 1" />
  <instance name="PitWall6" index="6" transform="0.537353754, 0, -0.843356967, 0, 4.504621E-09, 1, 2.87016677E-09, 0, 0.843356967, -5.34129851E-09, 0.537353754, 0, 211.4533, -76.85783, -61.0126381, 1" />
  <instance name="PitWall6" index="6" transform="0.537353754, 0, -0.843356967, 0, 4.504621E-09, 1, 2.87016677E-09, 0, 0.843356967, -5.34129851E-09, 0.537353754, 0, 210.76828, -76.85616, -59.915905, 1" />
  <instance name="PitWall7" index="7" transform="0.537354946, -2.32830644E-10, -0.8433561, 0, -4.656613E-10, 0.99999994, -2.32830644E-10, 0, 0.843356133, -4.656613E-10, 0.537354946, 0, 203.802261, -76.82957, -48.99685, 1" />
  <instance name="PitWall7" index="7" transform="0.537355, -1.11758709E-08, -0.8433562, 0, 1.86264515E-09, 0.9999999, 0, 0, 0.8433562, 1.86264515E-09, 0.537354946, 0, 203.111267, -76.83319, -47.90752, 1" />
  <instance name="PitWall7" index="7" transform="0.537354946, -3.7252903E-09, -0.843356133, 0, -9.313226E-10, 0.999999642, 2.79396772E-09, 0, 0.8433565, -1.16415322E-10, 0.537355, 0, 202.114944, -76.83186, -46.3146, 1" />
  <instance name="PitWall8" index="8" transform="0.537355244, -2.84899215E-10, -0.8433562, 0, -1.86264515E-09, 1.00000012, -1.86264515E-09, 0, 0.843356133, -1.86264515E-09, 0.5373552, 0, 187.236435, -76.83817, -23.28422, 1" />
  <instance name="PitWall8" index="8" transform="0.5373553, -7.450581E-09, -0.843356133, 0, -1.49011612E-08, 1.00000024, -4.656613E-10, 0, 0.843356133, 0, 0.5373551, 0, 186.889587, -76.8296, -22.7210827, 1" />
  <instance name="PitWall8" index="8" transform="0.537355363, 1.0477379E-09, -0.8433563, 0, -1.39698386E-09, 1.00000036, -2.32830644E-09, 0, 0.843356252, -2.79396772E-09, 0.537354946, 0, 186.517365, -76.83263, -22.1650562, 1" />
  <instance name="PitWall9" index="9" transform="0.537353635, -9.313226E-10, -0.8433571, 0, 5.122274E-09, 1.00000024, 3.608875E-09, 0, 0.8433571, -6.519258E-09, 0.5373536, 0, 176.695709, -76.83976, -6.669575, 1" />
  <instance name="PitWall9" index="9" transform="0.5373537, 0, -0.843357, 0, 3.5051344E-09, 1, 2.23333285E-09, 0, 0.843357, -4.156169E-09, 0.5373537, 0, 176.321838, -76.83738, -6.14857864, 1" />
  <instance name="PitWall9" index="9" transform="0.5373538, 1.86264515E-09, -0.8433569, 0, 1.11758709E-08, 1.00000024, 1.86264515E-09, 0, 0.843356967, -3.7252903E-09, 0.537353635, 0, 175.590652, -76.83548, -5.089839, 1" />
  <instance name="PitWall10" index="10" transform="0.537355065, 0, -0.843356252, 0, -5.820766E-11, 1.00000012, 5.820766E-11, 0, 0.843356252, 1.16415322E-10, 0.5373549, 0, 162.413483, -76.72429, 15.4727468, 1" />
  <instance name="PitWall10" index="10" transform="0.537354946, 0, -0.8433562, 0, 0, 1, 0, 0, 0.8433562, 0, 0.537354946, 0, 163.540756, -76.72608, 13.8803749, 1" />
  <instance name="PitWall10" index="10" transform="0.537355065, 7.450581E-09, -0.8433561, 0, 7.450581E-09, 1.00000012, 1.86264515E-09, 0, 0.8433561, 1.86264515E-09, 0.537355, 0, 163.8399, -76.7254, 13.3474026, 1" />
  <instance name="PitWall11" index="11" transform="0.537353635, -2.32830644E-10, -0.843357, 0, 4.656613E-10, 1, -6.98491931E-10, 0, 0.843357146, -1.74622983E-10, 0.5373536, 0, 157.365845, -76.849205, 23.4261456, 1" />
  <instance name="PitWall11" index="11" transform="0.5373535, 9.313226E-10, -0.843357, 0, 2.32830644E-10, 1, 0, 0, 0.843357, -8.731149E-11, 0.5373536, 0, 156.674957, -76.84552, 24.5104942, 1" />
  <instance name="PitWall11" index="11" transform="0.5373535, -9.313226E-10, -0.843357, 0, -6.98491931E-10, 1, 4.656613E-10, 0, 0.843357, -2.32830644E-10, 0.5373536, 0, 155.9863, -76.846344, 25.5911045, 1" />
  <instance name="PitWall12" index="12" transform="0.5373553, -1.01863407E-10, -0.843356252, 0, 1.16415322E-10, 1.00000012, 0, 0, 0.843356252, -1.74622983E-10, 0.537355244, 0, 147.7604, -76.84442, 38.40259, 1" />
  <instance name="PitWall12" index="12" transform="0.537355363, -1.86264515E-09, -0.8433559, 0, -3.7252903E-09, 1, -1.16415322E-10, 0, 0.8433564, -3.7252903E-09, 0.5373551, 0, 146.057343, -76.84683, 41.0427475, 1" />
  <instance name="PitWall12" index="12" transform="0.5373552, -9.313226E-10, -0.843355954, 0, -4.656613E-10, 1.00000012, 1.39698386E-09, 0, 0.8433563, 0, 0.5373552, 0, 146.699692, -76.844574, 40.033535, 1" />
</placements>